0.000000 0.000000 -0.001895 0.000000 0.000000 0.000000 0.000000 0.000000 0.000000
5.000000 0.000000 0.013302 0.000000 0.000000 0.000000 0.000000 0.000000 0.000000
10.000000 0.000000 0.020541 0.000000 0.000000 0.000000 0.000000 0.000000 0.000000
15.000000 0.000000 0.033567 0.000000 0.000000 0.000000 0.000000 0.000000 0.000000
20.000000 0.000000 0.035245 0.000000 0.000000 0.000000 0.000000 0.000000 0.000000
25.000000 0.000000 0.051166 0.000000 0.000000 0.000000 0.000000 0.000000 0.000000
30.000000 0.000000 0.048274 0.000000 0.000000 0.000000 0.000000 0.000000 0.000000
35.000000 0.000000 0.057926 0.000000 0.000000 0.000000 0.000000 0.000000 0.000000
40.000000 0.000000 0.054059 0.000000 0.000000 0.000000 0.000000 0.000000 0.000000
45.000000 0.000000 0.064675 0.000000 0.000000 0.000000 0.000000 0.000000 0.000000
50.000000 0.000000 0.060570 0.000000 0.000000 0.000000 0.000000 0.000000 0.000000
55.000000 0.000000 0.054547 0.000000 0.000000 0.000000 0.000000 0.000000 0.000000
60.000000 0.000000 0.050934 0.000000 0.000000 0.000000 0.000000 0.000000 0.000000
65.000000 0.000000 0.045383 0.000000 0.000000 0.000000 0.000000 0.000000 0.000000
70.000000 0.000000 0.047800 0.000000 0.000000 0.000000 0.000000 0.000000 0.000000
75.000000 0.000000 0.030188 0.000000 0.000000 0.000000 0.000000 0.000000 0.000000
75.000000 5.000000 0.024883 0.000000 0.000000 0.000000 0.000000 0.000000 0.000000
70.000000 5.000000 0.039596 0.000000 0.000000 0.000000 0.000000 0.000000 0.000000
65.000000 5.000000 0.048521 0.000000 0.000000 0.000000 0.000000 0.000000 0.000000
60.000000 5.000000 0.037426 0.000000 0.000000 0.000000 0.000000 0.000000 0.000000
55.000000 5.000000 0.050446 0.000000 0.000000 0.000000 0.000000 0.000000 0.000000
50.000000 5.000000 0.052616 0.000000 0.000000 0.000000 0.000000 0.000000 0.000000
45.000000 5.000000 0.055751 0.000000 0.000000 0.000000 0.000000 0.000000 0.000000
40.000000 5.000000 0.059616 0.000000 0.000000 0.000000 0.000000 0.000000 0.000000
35.000000 5.000000 0.052859 0.000000 0.000000 0.000000 0.000000 0.000000 0.000000
30.000000 5.000000 0.049245 0.000000 0.000000 0.000000 0.000000 0.000000 0.000000
25.000000 5.000000 0.047548 0.000000 0.000000 0.000000 0.000000 0.000000 0.000000
20.000000 5.000000 0.040557 0.000000 0.000000 0.000000 0.000000 0.000000 0.000000
15.000000 5.000000 0.031879 0.000000 0.000000 0.000000 0.000000 0.000000 0.000000
10.000000 5.000000 0.026562 0.000000 0.000000 0.000000 0.000000 0.000000 0.000000
5.000000 5.000000 0.010413 0.000000 0.000000 0.000000 0.000000 0.000000 0.000000
-0.000000 5.000000 0.001728 0.000000 0.000000 0.000000 0.000000 0.000000 0.000000
-0.000000 10.000000 -0.003576 0.000000 0.000000 0.000000 0.000000 0.000000 0.000000
5.000000 10.000000 0.003180 0.000000 0.000000 0.000000 0.000000 0.000000 0.000000
10.000000 10.000000 0.018375 0.000000 0.000000 0.000000 0.000000 0.000000 0.000000
15.000000 10.000000 0.015957 0.000000 0.000000 0.000000 0.000000 0.000000 0.000000
20.000000 10.000000 0.035495 0.000000 0.000000 0.000000 0.000000 0.000000 0.000000
25.000000 10.000000 0.048522 0.000000 0.000000 0.000000 0.000000 0.000000 0.000000
30.000000 10.000000 0.046347 0.000000 0.000000 0.000000 0.000000 0.000000 0.000000
35.000000 10.000000 0.043453 0.000000 0.000000 0.000000 0.000000 0.000000 0.000000
40.000000 10.000000 0.047553 0.000000 0.000000 0.000000 0.000000 0.000000 0.000000
45.000000 10.000000 0.051645 0.000000 0.000000 0.000000 0.000000 0.000000 0.000000
50.000000 10.000000 0.039117 0.000000 0.000000 0.000000 0.000000 0.000000 0.000000
55.000000 10.000000 0.048751 0.000000 0.000000 0.000000 0.000000 0.000000 0.000000
60.000000 10.000000 0.044892 0.000000 0.000000 0.000000 0.000000 0.000000 0.000000
65.000000 10.000000 0.036944 0.000000 0.000000 0.000000 0.000000 0.000000 0.000000
70.000000 10.000000 0.030430 0.000000 0.000000 0.000000 0.000000 0.000000 0.000000
75.000000 10.000000 0.018372 0.000000 0.000000 0.000000 0.000000 0.000000 0.000000
75.000000 15.000000 0.014513 0.000000 0.000000 0.000000 0.000000 0.000000 0.000000
70.000000 15.000000 0.024874 0.000000 0.000000 0.000000 0.000000 0.000000 0.000000
65.000000 15.000000 0.028019 0.000000 0.000000 0.000000 0.000000 0.000000 0.000000
60.000000 15.000000 0.038621 0.000000 0.000000 0.000000 0.000000 0.000000 0.000000
55.000000 15.000000 0.040318 0.000000 0.000000 0.000000 0.000000 0.000000 0.000000
50.000000 15.000000 0.045139 0.000000 0.000000 0.000000 0.000000 0.000000 0.000000
45.000000 15.000000 0.048510 0.000000 0.000000 0.000000 0.000000 0.000000 0.000000
40.000000 15.000000 0.046821 0.000000 0.000000 0.000000 0.000000 0.000000 0.000000
35.000000 15.000000 0.043208 0.000000 0.000000 0.000000 0.000000 0.000000 0.000000
30.000000 15.000000 0.042490 0.000000 0.000000 0.000000 0.000000 0.000000 0.000000
25.000000 15.000000 0.038862 0.000000 0.000000 0.000000 0.000000 0.000000 0.000000
20.000000 15.000000 0.029948 0.000000 0.000000 0.000000 0.000000 0.000000 0.000000
15.000000 15.000000 0.030915 0.000000 0.000000 0.000000 0.000000 0.000000 0.000000
10.000000 15.000000 0.018371 0.000000 0.000000 0.000000 0.000000 0.000000 0.000000
5.000000 15.000000 -0.000687 0.000000 0.000000 0.000000 0.000000 0.000000 0.000000
-0.000000 15.000000 -0.020709 0.000000 0.000000 0.000000 0.000000 0.000000 0.000000
-0.000000 20.000000 -0.029868 0.000000 0.000000 0.000000 0.000000 0.000000 0.000000
5.000000 20.000000 -0.012985 0.000000 0.000000 0.000000 0.000000 0.000000 0.000000
10.000000 20.000000 0.000997 0.000000 0.000000 0.000000 0.000000 0.000000 0.000000
15.000000 20.000000 0.019327 0.000000 0.000000 0.000000 0.000000 0.000000 0.000000
20.000000 20.000000 0.035980 0.000000 0.000000 0.000000 0.000000 0.000000 0.000000
25.000000 20.000000 0.044417 0.000000 0.000000 0.000000 0.000000 0.000000 0.000000
30.000000 20.000000 0.044410 0.000000 0.000000 0.000000 0.000000 0.000000 0.000000
35.000000 20.000000 0.049483 0.000000 0.000000 0.000000 0.000000 0.000000 0.000000
40.000000 20.000000 0.047073 0.000000 0.000000 0.000000 0.000000 0.000000 0.000000
45.000000 20.000000 0.051654 0.000000 0.000000 0.000000 0.000000 0.000000 0.000000
50.000000 20.000000 0.047069 0.000000 0.000000 0.000000 0.000000 0.000000 0.000000
55.000000 20.000000 0.039345 0.000000 0.000000 0.000000 0.000000 0.000000 0.000000
60.000000 20.000000 0.029462 0.000000 0.000000 0.000000 0.000000 0.000000 0.000000
65.000000 20.000000 0.035245 0.000000 0.000000 0.000000 0.000000 0.000000 0.000000
70.000000 20.000000 0.026808 0.000000 0.000000 0.000000 0.000000 0.000000 0.000000
75.000000 20.000000 0.008958 0.000000 0.000000 0.000000 0.000000 0.000000 0.000000
75.000000 25.000000 0.008002 0.000000 0.000000 0.000000 0.000000 0.000000 0.000000
70.000000 25.000000 0.017645 0.000000 0.000000 0.000000 0.000000 0.000000 0.000000
65.000000 25.000000 0.028497 0.000000 0.000000 0.000000 0.000000 0.000000 0.000000
60.000000 25.000000 0.032602 0.000000 0.000000 0.000000 0.000000 0.000000 0.000000
55.000000 25.000000 0.042733 0.000000 0.000000 0.000000 0.000000 0.000000 0.000000
50.000000 25.000000 0.051413 0.000000 0.000000 0.000000 0.000000 0.000000 0.000000
45.000000 25.000000 0.048029 0.000000 0.000000 0.000000 0.000000 0.000000 0.000000
40.000000 25.000000 0.053094 0.000000 0.000000 0.000000 0.000000 0.000000 0.000000
35.000000 25.000000 0.042250 0.000000 0.000000 0.000000 0.000000 0.000000 0.000000
30.000000 25.000000 0.043934 0.000000 0.000000 0.000000 0.000000 0.000000 0.000000
25.000000 25.000000 0.042239 0.000000 0.000000 0.000000 0.000000 0.000000 0.000000
20.000000 25.000000 0.035258 0.000000 0.000000 0.000000 0.000000 0.000000 0.000000
15.000000 25.000000 0.024150 0.000000 0.000000 0.000000 0.000000 0.000000 0.000000
10.000000 25.000000 0.004138 0.000000 0.000000 0.000000 0.000000 0.000000 0.000000
5.000000 25.000000 -0.013945 0.000000 0.000000 0.000000 0.000000 0.000000 0.000000
0.000000 25.000000 -0.038546 0.000000 0.000000 0.000000 0.000000 0.000000 0.000000
0.000000 30.000000 -0.033009 0.000000 0.000000 0.000000 0.000000 0.000000 0.000000
5.000000 30.000000 -0.012738 0.000000 0.000000 0.000000 0.000000 0.000000 0.000000
10.000000 30.000000 0.004615 0.000000 0.000000 0.000000 0.000000 0.000000 0.000000
15.000000 30.000000 0.023923 0.000000 0.000000 0.000000 0.000000 0.000000 0.000000
20.000000 30.000000 0.029948 0.000000 0.000000 0.000000 0.000000 0.000000 0.000000
25.000000 30.000000 0.041766 0.000000 0.000000 0.000000 0.000000 0.000000 0.000000
30.000000 30.000000 0.031389 0.000000 0.000000 0.000000 0.000000 0.000000 0.000000
35.000000 30.000000 0.047787 0.000000 0.000000 0.000000 0.000000 0.000000 0.000000
40.000000 30.000000 0.048028 0.000000 0.000000 0.000000 0.000000 0.000000 0.000000
45.000000 30.000000 0.051410 0.000000 0.000000 0.000000 0.000000 0.000000 0.000000
50.000000 30.000000 0.048996 0.000000 0.000000 0.000000 0.000000 0.000000 0.000000
55.000000 30.000000 0.042493 0.000000 0.000000 0.000000 0.000000 0.000000 0.000000
60.000000 30.000000 0.038148 0.000000 0.000000 0.000000 0.000000 0.000000 0.000000
65.000000 30.000000 0.030187 0.000000 0.000000 0.000000 0.000000 0.000000 0.000000
70.000000 30.000000 0.015468 0.000000 0.000000 0.000000 0.000000 0.000000 0.000000
75.000000 30.000000 0.326841 0.000000 0.000000 0.000000 0.000000 0.000000 0.000000
75.000000 35.000000 0.020775 0.000000 0.000000 0.000000 0.000000 0.000000 0.000000
70.000000 35.000000 0.024874 0.000000 0.000000 0.000000 0.000000 0.000000 0.000000
65.000000 35.000000 0.036695 0.000000 0.000000 0.000000 0.000000 0.000000 0.000000
60.000000 35.000000 0.032604 0.000000 0.000000 0.000000 0.000000 0.000000 0.000000
55.000000 35.000000 0.044660 0.000000 0.000000 0.000000 0.000000 0.000000 0.000000
50.000000 35.000000 0.048511 0.000000 0.000000 0.000000 0.000000 0.000000 0.000000
45.000000 35.000000 0.050922 0.000000 0.000000 0.000000 0.000000 0.000000 0.000000
40.000000 35.000000 0.057201 0.000000 0.000000 0.000000 0.000000 0.000000 0.000000
35.000000 35.000000 0.057442 0.000000 0.000000 0.000000 0.000000 0.000000 0.000000
30.000000 35.000000 0.048763 0.000000 0.000000 0.000000 0.000000 0.000000 0.000000
25.000000 35.000000 0.046833 0.000000 0.000000 0.000000 0.000000 0.000000 0.000000
20.000000 35.000000 0.035005 0.000000 0.000000 0.000000 0.000000 0.000000 0.000000
15.000000 35.000000 0.026324 0.000000 0.000000 0.000000 0.000000 0.000000 0.000000
10.000000 35.000000 0.019093 0.000000 0.000000 0.000000 0.000000 0.000000 0.000000
5.000000 35.000000 -0.000689 0.000000 0.000000 0.000000 0.000000 0.000000 0.000000
-0.000000 35.000000 -0.017566 0.000000 0.000000 0.000000 0.000000 0.000000 0.000000
-0.000000 40.000000 -0.001897 0.000000 0.000000 0.000000 0.000000 0.000000 0.000000
5.000000 40.000000 0.003168 0.000000 0.000000 0.000000 0.000000 0.000000 0.000000
10.000000 40.000000 0.022221 0.000000 0.000000 0.000000 0.000000 0.000000 0.000000
15.000000 40.000000 0.029939 0.000000 0.000000 0.000000 0.000000 0.000000 0.000000
20.000000 40.000000 0.039596 0.000000 0.000000 0.000000 0.000000 0.000000 0.000000
25.000000 40.000000 0.039829 0.000000 0.000000 0.000000 0.000000 0.000000 0.000000
30.000000 40.000000 0.053340 0.000000 0.000000 0.000000 0.000000 0.000000 0.000000
35.000000 40.000000 0.056469 0.000000 0.000000 0.000000 0.000000 0.000000 0.000000
40.000000 40.000000 0.051175 0.000000 0.000000 0.000000 0.000000 0.000000 0.000000
45.000000 40.000000 0.053584 0.000000 0.000000 0.000000 0.000000 0.000000 0.000000
50.000000 40.000000 0.038621 0.000000 0.000000 0.000000 0.000000 0.000000 0.000000
55.000000 40.000000 0.039587 0.000000 0.000000 0.000000 0.000000 0.000000 0.000000
60.000000 40.000000 0.029226 0.000000 0.000000 0.000000 0.000000 0.000000 0.000000
65.000000 40.000000 0.041769 0.000000 0.000000 0.000000 0.000000 0.000000 0.000000
70.000000 40.000000 0.029941 0.000000 0.000000 0.000000 0.000000 0.000000 0.000000
75.000000 40.000000 0.017648 0.000000 0.000000 0.000000 0.000000 0.000000 0.000000
75.000000 45.000000 0.030190 0.000000 0.000000 0.000000 0.000000 0.000000 0.000000
70.000000 45.000000 0.047304 0.000000 0.000000 0.000000 0.000000 0.000000 0.000000
65.000000 45.000000 0.046582 0.000000 0.000000 0.000000 0.000000 0.000000 0.000000
60.000000 45.000000 0.055516 0.000000 0.000000 0.000000 0.000000 0.000000 0.000000
55.000000 45.000000 0.044659 0.000000 0.000000 0.000000 0.000000 0.000000 0.000000
50.000000 45.000000 0.058399 0.000000 0.000000 0.000000 0.000000 0.000000 0.000000
45.000000 45.000000 0.068296 0.000000 0.000000 0.000000 0.000000 0.000000 0.000000
40.000000 45.000000 0.061061 0.000000 0.000000 0.000000 0.000000 0.000000 0.000000
35.000000 45.000000 0.061545 0.000000 0.000000 0.000000 0.000000 0.000000 0.000000
30.000000 45.000000 0.055753 0.000000 0.000000 0.000000 0.000000 0.000000 0.000000
25.000000 45.000000 0.049245 0.000000 0.000000 0.000000 0.000000 0.000000 0.000000
20.000000 45.000000 0.052860 0.000000 0.000000 0.000000 0.000000 0.000000 0.000000
15.000000 45.000000 0.029698 0.000000 0.000000 0.000000 0.000000 0.000000 0.000000
10.000000 45.000000 0.031159 0.000000 0.000000 0.000000 0.000000 0.000000 0.000000
5.000000 45.000000 0.011368 0.000000 0.000000 0.000000 0.000000 0.000000 0.000000
-0.000000 45.000000 0.015950 0.000000 0.000000 0.000000 0.000000 0.000000 0.000000
-0.000000 0.000000 -0.003332 0.000000 0.000000 0.000000 0.000000 0.000000 0.000000
5.000000 0.000000 0.005346 0.000000 0.000000 0.000000 0.000000 0.000000 0.000000
10.000000 0.000000 0.012333 0.000000 0.000000 0.000000 0.000000 0.000000 0.000000
15.000000 0.000000 0.027536 0.000000 0.000000 0.000000 0.000000 0.000000 0.000000
20.000000 0.000000 0.033315 0.000000 0.000000 0.000000 0.000000 0.000000 0.000000
25.000000 0.000000 0.043213 0.000000 0.000000 0.000000 0.000000 0.000000 0.000000
30.000000 0.000000 0.042727 0.000000 0.000000 0.000000 0.000000 0.000000 0.000000
35.000000 0.000000 0.045630 0.000000 0.000000 0.000000 0.000000 0.000000 0.000000
40.000000 0.000000 0.049478 0.000000 0.000000 0.000000 0.000000 0.000000 0.000000
45.000000 0.000000 0.049963 0.000000 0.000000 0.000000 0.000000 0.000000 0.000000
50.000000 0.000000 0.053102 0.000000 0.000000 0.000000 0.000000 0.000000 0.000000
55.000000 0.000000 0.044181 0.000000 0.000000 0.000000 0.000000 0.000000 0.000000
60.000000 0.000000 0.052130 0.000000 0.000000 0.000000 0.000000 0.000000 0.000000
65.000000 0.000000 0.041287 0.000000 0.000000 0.000000 0.000000 0.000000 0.000000
70.000000 0.000000 0.039104 0.000000 0.000000 0.000000 0.000000 0.000000 0.000000
75.000000 0.000000 0.025357 0.000000 0.000000 0.000000 0.000000 0.000000 0.000000
75.000000 5.000000 0.014262 0.000000 0.000000 0.000000 0.000000 0.000000 0.000000
70.000000 5.000000 0.033327 0.000000 0.000000 0.000000 0.000000 0.000000 0.000000
65.000000 5.000000 0.049718 0.000000 0.000000 0.000000 0.000000 0.000000 0.000000
60.000000 5.000000 0.048992 0.000000 0.000000 0.000000 0.000000 0.000000 0.000000
55.000000 5.000000 0.050201 0.000000 0.000000 0.000000 0.000000 0.000000 0.000000
50.000000 5.000000 0.032833 0.000000 0.000000 0.000000 0.000000 0.000000 0.000000
45.000000 5.000000 0.054793 0.000000 0.000000 0.000000 0.000000 0.000000 0.000000
40.000000 5.000000 0.048036 0.000000 0.000000 0.000000 0.000000 0.000000 0.000000
35.000000 5.000000 0.045616 0.000000 0.000000 0.000000 0.000000 0.000000 0.000000
30.000000 5.000000 0.048999 0.000000 0.000000 0.000000 0.000000 0.000000 0.000000
25.000000 5.000000 0.042484 0.000000 0.000000 0.000000 0.000000 0.000000 0.000000
20.000000 5.000000 0.037415 0.000000 0.000000 0.000000 0.000000 0.000000 0.000000
15.000000 5.000000 0.023436 0.000000 0.000000 0.000000 0.000000 0.000000 0.000000
10.000000 5.000000 0.021748 0.000000 0.000000 0.000000 0.000000 0.000000 0.000000
5.000000 5.000000 0.005108 0.000000 0.000000 0.000000 0.000000 0.000000 0.000000
-0.000000 5.000000 -0.007435 0.000000 0.000000 0.000000 0.000000 0.000000 0.000000
-0.000000 10.000000 -0.009364 0.000000 0.000000 0.000000 0.000000 0.000000 0.000000
5.000000 10.000000 0.001726 0.000000 0.000000 0.000000 0.000000 0.000000 0.000000
10.000000 10.000000 0.014744 0.000000 0.000000 0.000000 0.000000 0.000000 0.000000
15.000000 10.000000 0.021023 0.000000 0.000000 0.000000 0.000000 0.000000 0.000000
20.000000 10.000000 0.030670 0.000000 0.000000 0.000000 0.000000 0.000000 0.000000
25.000000 10.000000 0.038150 0.000000 0.000000 0.000000 0.000000 0.000000 0.000000
30.000000 10.000000 0.045133 0.000000 0.000000 0.000000 0.000000 0.000000 0.000000
35.000000 10.000000 0.036699 0.000000 0.000000 0.000000 0.000000 0.000000 0.000000
40.000000 10.000000 0.038632 0.000000 0.000000 0.000000 0.000000 0.000000 0.000000
45.000000 10.000000 0.051172 0.000000 0.000000 0.000000 0.000000 0.000000 0.000000
50.000000 10.000000 0.045862 0.000000 0.000000 0.000000 0.000000 0.000000 0.000000
55.000000 10.000000 0.040551 0.000000 0.000000 0.000000 0.000000 0.000000 0.000000
60.000000 10.000000 0.042005 0.000000 0.000000 0.000000 0.000000 0.000000 0.000000
65.000000 10.000000 0.035009 0.000000 0.000000 0.000000 0.000000 0.000000 0.000000
70.000000 10.000000 0.026325 0.000000 0.000000 0.000000 0.000000 0.000000 0.000000
75.000000 10.000000 0.007269 0.000000 0.000000 0.000000 0.000000 0.000000 0.000000
75.000000 15.000000 0.007277 0.000000 0.000000 0.000000 0.000000 0.000000 0.000000
70.000000 15.000000 0.021025 0.000000 0.000000 0.000000 0.000000 0.000000 0.000000
65.000000 15.000000 0.038384 0.000000 0.000000 0.000000 0.000000 0.000000 0.000000
60.000000 15.000000 0.033074 0.000000 0.000000 0.000000 0.000000 0.000000 0.000000
55.000000 15.000000 0.047800 0.000000 0.000000 0.000000 0.000000 0.000000 0.000000
50.000000 15.000000 0.051892 0.000000 0.000000 0.000000 0.000000 0.000000 0.000000
45.000000 15.000000 0.051896 0.000000 0.000000 0.000000 0.000000 0.000000 0.000000
40.000000 15.000000 0.051648 0.000000 0.000000 0.000000 0.000000 0.000000 0.000000
35.000000 15.000000 0.041761 0.000000 0.000000 0.000000 0.000000 0.000000 0.000000
30.000000 15.000000 0.045375 0.000000 0.000000 0.000000 0.000000 0.000000 0.000000
25.000000 15.000000 0.034048 0.000000 0.000000 0.000000 0.000000 0.000000 0.000000
20.000000 15.000000 0.033074 0.000000 0.000000 0.000000 0.000000 0.000000 0.000000
15.000000 15.000000 0.025598 0.000000 0.000000 0.000000 0.000000 0.000000 0.000000
10.000000 15.000000 0.010166 0.000000 0.000000 0.000000 0.000000 0.000000 0.000000
5.000000 15.000000 -0.004309 0.000000 0.000000 0.000000 0.000000 0.000000 0.000000
-0.000000 15.000000 -0.025763 0.000000 0.000000 0.000000 0.000000 0.000000 0.000000
-0.000000 20.000000 -0.036622 0.000000 0.000000 0.000000 0.000000 0.000000 0.000000
5.000000 20.000000 -0.016598 0.000000 0.000000 0.000000 0.000000 0.000000 0.000000
10.000000 20.000000 -0.005749 0.000000 0.000000 0.000000 0.000000 0.000000 0.000000
15.000000 20.000000 0.009680 0.000000 0.000000 0.000000 0.000000 0.000000 0.000000
20.000000 20.000000 0.030662 0.000000 0.000000 0.000000 0.000000 0.000000 0.000000
25.000000 20.000000 0.041518 0.000000 0.000000 0.000000 0.000000 0.000000 0.000000
30.000000 20.000000 0.042733 0.000000 0.000000 0.000000 0.000000 0.000000 0.000000
35.000000 20.000000 0.050690 0.000000 0.000000 0.000000 0.000000 0.000000 0.000000
40.000000 20.000000 0.043937 0.000000 0.000000 0.000000 0.000000 0.000000 0.000000
45.000000 20.000000 0.048510 0.000000 0.000000 0.000000 0.000000 0.000000 0.000000
50.000000 20.000000 0.049237 0.000000 0.000000 0.000000 0.000000 0.000000 0.000000
55.000000 20.000000 0.036936 0.000000 0.000000 0.000000 0.000000 0.000000 0.000000
60.000000 20.000000 0.035727 0.000000 0.000000 0.000000 0.000000 0.000000 0.000000
65.000000 20.000000 0.028982 0.000000 0.000000 0.000000 0.000000 0.000000 0.000000
70.000000 20.000000 0.019822 0.000000 0.000000 0.000000 0.000000 0.000000 0.000000
75.000000 20.000000 0.006062 0.000000 0.000000 0.000000 0.000000 0.000000 0.000000
75.000000 25.000000 -0.005503 0.000000 0.000000 0.000000 0.000000 0.000000 0.000000
70.000000 25.000000 0.012816 0.000000 0.000000 0.000000 0.000000 0.000000 0.000000
65.000000 25.000000 0.029222 0.000000 0.000000 0.000000 0.000000 0.000000 0.000000
60.000000 25.000000 0.024633 0.000000 0.000000 0.000000 0.000000 0.000000 0.000000
55.000000 25.000000 0.036705 0.000000 0.000000 0.000000 0.000000 0.000000 0.000000
50.000000 25.000000 0.049233 0.000000 0.000000 0.000000 0.000000 0.000000 0.000000
45.000000 25.000000 0.053586 0.000000 0.000000 0.000000 0.000000 0.000000 0.000000
40.000000 25.000000 0.052376 0.000000 0.000000 0.000000 0.000000 0.000000 0.000000
35.000000 25.000000 0.037907 0.000000 0.000000 0.000000 0.000000 0.000000 0.000000
30.000000 25.000000 0.049963 0.000000 0.000000 0.000000 0.000000 0.000000 0.000000
25.000000 25.000000 0.032602 0.000000 0.000000 0.000000 0.000000 0.000000 0.000000
20.000000 25.000000 0.039105 0.000000 0.000000 0.000000 0.000000 0.000000 0.000000
15.000000 25.000000 0.020783 0.000000 0.000000 0.000000 0.000000 0.000000 0.000000
10.000000 25.000000 0.005824 0.000000 0.000000 0.000000 0.000000 0.000000 0.000000
5.000000 25.000000 -0.019262 0.000000 0.000000 0.000000 0.000000 0.000000 0.000000
-0.000000 25.000000 -0.036854 0.000000 0.000000 0.000000 0.000000 0.000000 0.000000
-0.000000 30.000000 -0.036145 0.000000 0.000000 0.000000 0.000000 0.000000 0.000000
5.000000 30.000000 -0.015871 0.000000 0.000000 0.000000 0.000000 0.000000 0.000000
10.000000 30.000000 0.002211 0.000000 0.000000 0.000000 0.000000 0.000000 0.000000
15.000000 30.000000 0.005821 0.000000 0.000000 0.000000 0.000000 0.000000 0.000000
20.000000 30.000000 0.032607 0.000000 0.000000 0.000000 0.000000 0.000000 0.000000
25.000000 30.000000 0.042730 0.000000 0.000000 0.000000 0.000000 0.000000 0.000000
30.000000 30.000000 0.036939 0.000000 0.000000 0.000000 0.000000 0.000000 0.000000
35.000000 30.000000 0.047067 0.000000 0.000000 0.000000 0.000000 0.000000 0.000000
40.000000 30.000000 0.049959 0.000000 0.000000 0.000000 0.000000 0.000000 0.000000
45.000000 30.000000 0.042239 0.000000 0.000000 0.000000 0.000000 0.000000 0.000000
50.000000 30.000000 0.033801 0.000000 0.000000 0.000000 0.000000 0.000000 0.000000
55.000000 30.000000 0.041759 0.000000 0.000000 0.000000 0.000000 0.000000 0.000000
60.000000 30.000000 0.029221 0.000000 0.000000 0.000000 0.000000 0.000000 0.000000
65.000000 30.000000 0.014986 0.000000 0.000000 0.000000 0.000000 0.000000 0.000000
70.000000 30.000000 0.016674 0.000000 0.000000 0.000000 0.000000 0.000000 0.000000
75.000000 30.000000 0.008956 0.000000 0.000000 0.000000 0.000000 0.000000 0.000000
75.000000 35.000000 0.013306 0.000000 0.000000 0.000000 0.000000 0.000000 0.000000
70.000000 35.000000 0.010654 0.000000 0.000000 0.000000 0.000000 0.000000 0.000000
65.000000 35.000000 0.026321 0.000000 0.000000 0.000000 0.000000 0.000000 0.000000
60.000000 35.000000 0.035008 0.000000 0.000000 0.000000 0.000000 0.000000 0.000000
55.000000 35.000000 0.038621 0.000000 0.000000 0.000000 0.000000 0.000000 0.000000
50.000000 35.000000 0.054541 0.000000 0.000000 0.000000 0.000000 0.000000 0.000000
45.000000 35.000000 0.050924 0.000000 0.000000 0.000000 0.000000 0.000000 0.000000
40.000000 35.000000 0.057925 0.000000 0.000000 0.000000 0.000000 0.000000 0.000000
35.000000 35.000000 0.048759 0.000000 0.000000 0.000000 0.000000 0.000000 0.000000
30.000000 35.000000 0.049958 0.000000 0.000000 0.000000 0.000000 0.000000 0.000000
25.000000 35.000000 0.041036 0.000000 0.000000 0.000000 0.000000 0.000000 0.000000
20.000000 35.000000 0.036941 0.000000 0.000000 0.000000 0.000000 0.000000 0.000000
15.000000 35.000000 0.023436 0.000000 0.000000 0.000000 0.000000 0.000000 0.000000
10.000000 35.000000 0.014021 0.000000 0.000000 0.000000 0.000000 0.000000 0.000000
5.000000 35.000000 -0.006479 0.000000 0.000000 0.000000 0.000000 0.000000 0.000000
-0.000000 35.000000 -0.033008 0.000000 0.000000 0.000000 0.000000 0.000000 0.000000
-0.000000 40.000000 -0.011301 0.000000 0.000000 0.000000 0.000000 0.000000 0.000000
5.000000 40.000000 0.003174 0.000000 0.000000 0.000000 0.000000 0.000000 0.000000
10.000000 40.000000 0.021988 0.000000 0.000000 0.000000 0.000000 0.000000 0.000000
15.000000 40.000000 0.021509 0.000000 0.000000 0.000000 0.000000 0.000000 0.000000
20.000000 40.000000 0.036210 0.000000 0.000000 0.000000 0.000000 0.000000 0.000000
25.000000 40.000000 0.049488 0.000000 0.000000 0.000000 0.000000 0.000000 0.000000
30.000000 40.000000 0.046346 0.000000 0.000000 0.000000 0.000000 0.000000 0.000000
35.000000 40.000000 0.050680 0.000000 0.000000 0.000000 0.000000 0.000000 0.000000
40.000000 40.000000 0.048269 0.000000 0.000000 0.000000 0.000000 0.000000 0.000000
45.000000 40.000000 0.050922 0.000000 0.000000 0.000000 0.000000 0.000000 0.000000
50.000000 40.000000 0.040068 0.000000 0.000000 0.000000 0.000000 0.000000 0.000000
55.000000 40.000000 0.044180 0.000000 0.000000 0.000000 0.000000 0.000000 0.000000
60.000000 40.000000 0.033320 0.000000 0.000000 0.000000 0.000000 0.000000 0.000000
65.000000 40.000000 0.026562 0.000000 0.000000 0.000000 0.000000 0.000000 0.000000
70.000000 40.000000 0.033085 0.000000 0.000000 0.000000 0.000000 0.000000 0.000000
75.000000 40.000000 0.018125 0.000000 0.000000 0.000000 0.000000 0.000000 0.000000
75.000000 45.000000 0.031879 0.000000 0.000000 0.000000 0.000000 0.000000 0.000000
70.000000 45.000000 0.029698 0.000000 0.000000 0.000000 0.000000 0.000000 0.000000
65.000000 45.000000 0.038874 0.000000 0.000000 0.000000 0.000000 0.000000 0.000000
60.000000 45.000000 0.042489 0.000000 0.000000 0.000000 0.000000 0.000000 0.000000
55.000000 45.000000 0.053342 0.000000 0.000000 0.000000 0.000000 0.000000 0.000000
50.000000 45.000000 0.049969 0.000000 0.000000 0.000000 0.000000 0.000000 0.000000
45.000000 45.000000 0.063472 0.000000 0.000000 0.000000 0.000000 0.000000 0.000000
40.000000 45.000000 0.063945 0.000000 0.000000 0.000000 0.000000 0.000000 0.000000
35.000000 45.000000 0.060089 0.000000 0.000000 0.000000 0.000000 0.000000 0.000000
30.000000 45.000000 0.055995 0.000000 0.000000 0.000000 0.000000 0.000000 0.000000
25.000000 45.000000 0.050204 0.000000 0.000000 0.000000 0.000000 0.000000 0.000000
20.000000 45.000000 0.048027 0.000000 0.000000 0.000000 0.000000 0.000000 0.000000
15.000000 45.000000 0.034048 0.000000 0.000000 0.000000 0.000000 0.000000 0.000000
10.000000 45.000000 0.020786 0.000000 0.000000 0.000000 0.000000 0.000000 0.000000
5.000000 45.000000 0.014750 0.000000 0.000000 0.000000 0.000000 0.000000 0.000000
0.000000 45.000000 -0.001409 0.000000 0.000000 0.000000 0.000000 0.000000 0.000000
0.000000 0.000000 -0.012984 0.000000 0.000000 0.000000 0.000000 0.000000 0.000000
5.000000 0.000000 0.005097 0.000000 0.000000 0.000000 0.000000 0.000000 0.000000
10.000000 0.000000 0.014026 0.000000 0.000000 0.000000 0.000000 0.000000 0.000000
15.000000 0.000000 0.024633 0.000000 0.000000 0.000000 0.000000 0.000000 0.000000
20.000000 0.000000 0.036948 0.000000 0.000000 0.000000 0.000000 0.000000 0.000000
25.000000 0.000000 0.048274 0.000000 0.000000 0.000000 0.000000 0.000000 0.000000
30.000000 0.000000 0.051175 0.000000 0.000000 0.000000 0.000000 0.000000 0.000000
35.000000 0.000000 0.043686 0.000000 0.000000 0.000000 0.000000 0.000000 0.000000
40.000000 0.000000 0.048757 0.000000 0.000000 0.000000 0.000000 0.000000 0.000000
45.000000 0.000000 0.053349 0.000000 0.000000 0.000000 0.000000 0.000000 0.000000
50.000000 0.000000 0.050685 0.000000 0.000000 0.000000 0.000000 0.000000 0.000000
55.000000 0.000000 0.042973 0.000000 0.000000 0.000000 0.000000 0.000000 0.000000
60.000000 0.000000 0.046580 0.000000 0.000000 0.000000 0.000000 0.000000 0.000000
65.000000 0.000000 0.039837 0.000000 0.000000 0.000000 0.000000 0.000000 0.000000
70.000000 0.000000 0.029705 0.000000 0.000000 0.000000 0.000000 0.000000 0.000000
75.000000 0.000000 0.012335 0.000000 0.000000 0.000000 0.000000 0.000000 0.000000
75.000000 5.000000 0.007037 0.000000 0.000000 0.000000 0.000000 0.000000 0.000000
70.000000 5.000000 0.031879 0.000000 0.000000 0.000000 0.000000 0.000000 0.000000
65.000000 5.000000 0.027286 0.000000 0.000000 0.000000 0.000000 0.000000 0.000000
60.000000 5.000000 0.042491 0.000000 0.000000 0.000000 0.000000 0.000000 0.000000
55.000000 5.000000 0.050450 0.000000 0.000000 0.000000 0.000000 0.000000 0.000000
50.000000 5.000000 0.053583 0.000000 0.000000 0.000000 0.000000 0.000000 0.000000
45.000000 5.000000 0.050454 0.000000 0.000000 0.000000 0.000000 0.000000 0.000000
40.000000 5.000000 0.049475 0.000000 0.000000 0.000000 0.000000 0.000000 0.000000
35.000000 5.000000 0.046344 0.000000 0.000000 0.000000 0.000000 0.000000 0.000000
30.000000 5.000000 0.051404 0.000000 0.000000 0.000000 0.000000 0.000000 0.000000
25.000000 5.000000 0.048028 0.000000 0.000000 0.000000 0.000000 0.000000 0.000000
20.000000 5.000000 0.040319 0.000000 0.000000 0.000000 0.000000 0.000000 0.000000
15.000000 5.000000 0.019086 0.000000 0.000000 0.000000 0.000000 0.000000 0.000000
10.000000 5.000000 0.021018 0.000000 0.000000 0.000000 0.000000 0.000000 0.000000
5.000000 5.000000 0.007991 0.000000 0.000000 0.000000 0.000000 0.000000 0.000000
0.000000 5.000000 -0.022156 0.000000 0.000000 0.000000 0.000000 0.000000 0.000000
0.000000 10.000000 -0.013708 0.000000 0.000000 0.000000 0.000000 0.000000 0.000000
5.000000 10.000000 0.000285 0.000000 0.000000 0.000000 0.000000 0.000000 0.000000
10.000000 10.000000 0.013780 0.000000 0.000000 0.000000 0.000000 0.000000 0.000000
15.000000 10.000000 0.016191 0.000000 0.000000 0.000000 0.000000 0.000000 0.000000
20.000000 10.000000 0.029469 0.000000 0.000000 0.000000 0.000000 0.000000 0.000000
25.000000 10.000000 0.028012 0.000000 0.000000 0.000000 0.000000 0.000000 0.000000
30.000000 10.000000 0.043455 0.000000 0.000000 0.000000 0.000000 0.000000 0.000000
35.000000 10.000000 0.040323 0.000000 0.000000 0.000000 0.000000 0.000000 0.000000
40.000000 10.000000 0.044652 0.000000 0.000000 0.000000 0.000000 0.000000 0.000000
45.000000 10.000000 0.045139 0.000000 0.000000 0.000000 0.000000 0.000000 0.000000
50.000000 10.000000 0.036692 0.000000 0.000000 0.000000 0.000000 0.000000 0.000000
55.000000 10.000000 0.045374 0.000000 0.000000 0.000000 0.000000 0.000000 0.000000
60.000000 10.000000 0.025839 0.000000 0.000000 0.000000 0.000000 0.000000 0.000000
65.000000 10.000000 0.023668 0.000000 0.000000 0.000000 0.000000 0.000000 0.000000
70.000000 10.000000 0.022233 0.000000 0.000000 0.000000 0.000000 0.000000 0.000000
75.000000 10.000000 0.009450 0.000000 0.000000 0.000000 0.000000 0.000000 0.000000
75.000000 15.000000 0.009681 0.000000 0.000000 0.000000 0.000000 0.000000 0.000000
70.000000 15.000000 0.014021 0.000000 0.000000 0.000000 0.000000 0.000000 0.000000
65.000000 15.000000 0.034762 0.000000 0.000000 0.000000 0.000000 0.000000 0.000000
60.000000 15.000000 0.040793 0.000000 0.000000 0.000000 0.000000 0.000000 0.000000
55.000000 15.000000 0.040310 0.000000 0.000000 0.000000 0.000000 0.000000 0.000000
50.000000 15.000000 0.050680 0.000000 0.000000 0.000000 0.000000 0.000000 0.000000
45.000000 15.000000 0.047309 0.000000 0.000000 0.000000 0.000000 0.000000 0.000000
40.000000 15.000000 0.053093 0.000000 0.000000 0.000000 0.000000 0.000000 0.000000
35.000000 15.000000 0.042731 0.000000 0.000000 0.000000 0.000000 0.000000 0.000000
30.000000 15.000000 0.047545 0.000000 0.000000 0.000000 0.000000 0.000000 0.000000
25.000000 15.000000 0.044901 0.000000 0.000000 0.000000 0.000000 0.000000 0.000000
20.000000 15.000000 0.025848 0.000000 0.000000 0.000000 0.000000 0.000000 0.000000
15.000000 15.000000 0.011369 0.000000 0.000000 0.000000 0.000000 0.000000 0.000000
10.000000 15.000000 0.005100 0.000000 0.000000 0.000000 0.000000 0.000000 0.000000
5.000000 15.000000 -0.005986 0.000000 0.000000 0.000000 0.000000 0.000000 0.000000
-0.000000 15.000000 -0.026003 0.000000 0.000000 0.000000 0.000000 0.000000 0.000000
-0.000000 20.000000 -0.040238 0.000000 0.000000 0.000000 0.000000 0.000000 0.000000
5.000000 20.000000 -0.021424 0.000000 0.000000 0.000000 0.000000 0.000000 0.000000
10.000000 20.000000 -0.002847 0.000000 0.000000 0.000000 0.000000 0.000000 0.000000
15.000000 20.000000 0.014512 0.000000 0.000000 0.000000 0.000000 0.000000 0.000000
20.000000 20.000000 0.018845 0.000000 0.000000 0.000000 0.000000 0.000000 0.000000
25.000000 20.000000 0.023668 0.000000 0.000000 0.000000 0.000000 0.000000 0.000000
30.000000 20.000000 0.025367 0.000000 0.000000 0.000000 0.000000 0.000000 0.000000
35.000000 20.000000 0.042239 0.000000 0.000000 0.000000 0.000000 0.000000 0.000000
40.000000 20.000000 0.050690 0.000000 0.000000 0.000000 0.000000 0.000000 0.000000
45.000000 20.000000 0.042973 0.000000 0.000000 0.000000 0.000000 0.000000 0.000000
50.000000 20.000000 0.037425 0.000000 0.000000 0.000000 0.000000 0.000000 0.000000
55.000000 20.000000 0.034048 0.000000 0.000000 0.000000 0.000000 0.000000 0.000000
60.000000 20.000000 0.025606 0.000000 0.000000 0.000000 0.000000 0.000000 0.000000
65.000000 20.000000 0.011373 0.000000 0.000000 0.000000 0.000000 0.000000 0.000000
70.000000 20.000000 0.010409 0.000000 0.000000 0.000000 0.000000 0.000000 0.000000
75.000000 20.000000 0.003902 0.000000 0.000000 0.000000 0.000000 0.000000 0.000000
75.000000 25.000000 -0.005997 0.000000 0.000000 0.000000 0.000000 0.000000 0.000000
70.000000 25.000000 0.005830 0.000000 0.000000 0.000000 0.000000 0.000000 0.000000
65.000000 25.000000 0.016924 0.000000 0.000000 0.000000 0.000000 0.000000 0.000000
60.000000 25.000000 0.026321 0.000000 0.000000 0.000000 0.000000 0.000000 0.000000
55.000000 25.000000 0.033315 0.000000 0.000000 0.000000 0.000000 0.000000 0.000000
50.000000 25.000000 0.040324 0.000000 0.000000 0.000000 0.000000 0.000000 0.000000
45.000000 25.000000 0.041278 0.000000 0.000000 0.000000 0.000000 0.000000 0.000000
40.000000 25.000000 0.045621 0.000000 0.000000 0.000000 0.000000 0.000000 0.000000
35.000000 25.000000 0.036461 0.000000 0.000000 0.000000 0.000000 0.000000 0.000000
30.000000 25.000000 0.038388 0.000000 0.000000 0.000000 0.000000 0.000000 0.000000
25.000000 25.000000 0.031394 0.000000 0.000000 0.000000 0.000000 0.000000 0.000000
20.000000 25.000000 0.032357 0.000000 0.000000 0.000000 0.000000 0.000000 0.000000
15.000000 25.000000 0.015709 0.000000 0.000000 0.000000 0.000000 0.000000 0.000000
10.000000 25.000000 0.000038 0.000000 0.000000 0.000000 0.000000 0.000000 0.000000
5.000000 25.000000 -0.022639 0.000000 0.000000 0.000000 0.000000 0.000000 0.000000
0.000000 25.000000 -0.032757 0.000000 0.000000 0.000000 0.000000 0.000000 0.000000
0.000000 30.000000 -0.032043 0.000000 0.000000 0.000000 0.000000 0.000000 0.000000
5.000000 30.000000 -0.018530 0.000000 0.000000 0.000000 0.000000 0.000000 0.000000
10.000000 30.000000 -0.003574 0.000000 0.000000 0.000000 0.000000 0.000000 0.000000
15.000000 30.000000 0.009447 0.000000 0.000000 0.000000 0.000000 0.000000 0.000000
20.000000 30.000000 0.015237 0.000000 0.000000 0.000000 0.000000 0.000000 0.000000
25.000000 30.000000 0.032117 0.000000 0.000000 0.000000 0.000000 0.000000 0.000000
30.000000 30.000000 0.034289 0.000000 0.000000 0.000000 0.000000 0.000000 0.000000
35.000000 30.000000 0.048027 0.000000 0.000000 0.000000 0.000000 0.000000 0.000000
40.000000 30.000000 0.047550 0.000000 0.000000 0.000000 0.000000 0.000000 0.000000
45.000000 30.000000 0.036451 0.000000 0.000000 0.000000 0.000000 0.000000 0.000000
50.000000 30.000000 0.028983 0.000000 0.000000 0.000000 0.000000 0.000000 0.000000
55.000000 30.000000 0.037898 0.000000 0.000000 0.000000 0.000000 0.000000 0.000000
60.000000 30.000000 0.019576 0.000000 0.000000 0.000000 0.000000 0.000000 0.000000
65.000000 30.000000 0.013539 0.000000 0.000000 0.000000 0.000000 0.000000 0.000000
70.000000 30.000000 0.012093 0.000000 0.000000 0.000000 0.000000 0.000000 0.000000
75.000000 30.000000 0.005592 0.000000 0.000000 0.000000 0.000000 0.000000 0.000000
75.000000 35.000000 0.015230 0.000000 0.000000 0.000000 0.000000 0.000000 0.000000
70.000000 35.000000 0.016680 0.000000 0.000000 0.000000 0.000000 0.000000 0.000000
65.000000 35.000000 0.020542 0.000000 0.000000 0.000000 0.000000 0.000000 0.000000
60.000000 35.000000 0.016915 0.000000 0.000000 0.000000 0.000000 0.000000 0.000000
55.000000 35.000000 0.041286 0.000000 0.000000 0.000000 0.000000 0.000000 0.000000
50.000000 35.000000 0.044893 0.000000 0.000000 0.000000 0.000000 0.000000 0.000000
45.000000 35.000000 0.040073 0.000000 0.000000 0.000000 0.000000 0.000000 0.000000
40.000000 35.000000 0.053105 0.000000 0.000000 0.000000 0.000000 0.000000 0.000000
35.000000 35.000000 0.048270 0.000000 0.000000 0.000000 0.000000 0.000000 0.000000
30.000000 35.000000 0.044651 0.000000 0.000000 0.000000 0.000000 0.000000 0.000000
25.000000 35.000000 0.035979 0.000000 0.000000 0.000000 0.000000 0.000000 0.000000
20.000000 35.000000 0.034288 0.000000 0.000000 0.000000 0.000000 0.000000 0.000000
15.000000 35.000000 0.020536 0.000000 0.000000 0.000000 0.000000 0.000000 0.000000
10.000000 35.000000 0.005821 0.000000 0.000000 0.000000 0.000000 0.000000 0.000000
5.000000 35.000000 -0.016850 0.000000 0.000000 0.000000 0.000000 0.000000 0.000000
0.000000 35.000000 -0.035421 0.000000 0.000000 0.000000 0.000000 0.000000 0.000000
0.000000 40.000000 -0.011537 0.000000 0.000000 0.000000 0.000000 0.000000 0.000000
5.000000 40.000000 -0.000682 0.000000 0.000000 0.000000 0.000000 0.000000 0.000000
10.000000 40.000000 0.014745 0.000000 0.000000 0.000000 0.000000 0.000000 0.000000
15.000000 40.000000 0.027528 0.000000 0.000000 0.000000 0.000000 0.000000 0.000000
20.000000 40.000000 0.037415 0.000000 0.000000 0.000000 0.000000 0.000000 0.000000
25.000000 40.000000 0.045383 0.000000 0.000000 0.000000 0.000000 0.000000 0.000000
30.000000 40.000000 0.043211 0.000000 0.000000 0.000000 0.000000 0.000000 0.000000
35.000000 40.000000 0.050198 0.000000 0.000000 0.000000 0.000000 0.000000 0.000000
40.000000 40.000000 0.044903 0.000000 0.000000 0.000000 0.000000 0.000000 0.000000
45.000000 40.000000 0.052611 0.000000 0.000000 0.000000 0.000000 0.000000 0.000000
50.000000 40.000000 0.043937 0.000000 0.000000 0.000000 0.000000 0.000000 0.000000
55.000000 40.000000 0.035246 0.000000 0.000000 0.000000 0.000000 0.000000 0.000000
60.000000 40.000000 0.028500 0.000000 0.000000 0.000000 0.000000 0.000000 0.000000
65.000000 40.000000 0.027535 0.000000 0.000000 0.000000 0.000000 0.000000 0.000000
70.000000 40.000000 0.017640 0.000000 0.000000 0.000000 0.000000 0.000000 0.000000
75.000000 40.000000 0.010885 0.000000 0.000000 0.000000 0.000000 0.000000 0.000000
75.000000 45.000000 0.021986 0.000000 0.000000 0.000000 0.000000 0.000000 0.000000
70.000000 45.000000 0.027778 0.000000 0.000000 0.000000 0.000000 0.000000 0.000000
65.000000 45.000000 0.034051 0.000000 0.000000 0.000000 0.000000 0.000000 0.000000
60.000000 45.000000 0.042974 0.000000 0.000000 0.000000 0.000000 0.000000 0.000000
55.000000 45.000000 0.050930 0.000000 0.000000 0.000000 0.000000 0.000000 0.000000
50.000000 45.000000 0.046829 0.000000 0.000000 0.000000 0.000000 0.000000 0.000000
45.000000 45.000000 0.054061 0.000000 0.000000 0.000000 0.000000 0.000000 0.000000
40.000000 45.000000 0.056720 0.000000 0.000000 0.000000 0.000000 0.000000 0.000000
35.000000 45.000000 0.054310 0.000000 0.000000 0.000000 0.000000 0.000000 0.000000
30.000000 45.000000 0.056952 0.000000 0.000000 0.000000 0.000000 0.000000 0.000000
25.000000 45.000000 0.048274 0.000000 0.000000 0.000000 0.000000 0.000000 0.000000
20.000000 45.000000 0.037174 0.000000 0.000000 0.000000 0.000000 0.000000 0.000000
15.000000 45.000000 0.037424 0.000000 0.000000 0.000000 0.000000 0.000000 0.000000
10.000000 45.000000 0.026562 0.000000 0.000000 0.000000 0.000000 0.000000 0.000000
5.000000 45.000000 0.018121 0.000000 0.000000 0.000000 0.000000 0.000000 0.000000
0.000000 45.000000 -0.000209 0.000000 0.000000 0.000000 0.000000 0.000000 0.000000
